shape_id,shape_pt_lat,shape_pt_lon,shape_pt_sequence
7849879,49.2327358,6.9623598,0
4797947,49.4083499,6.9067701,1
7841892,49.2296296,6.9612938,2
405625,49.2341744,6.9935527,3
721798,49.234208,6.9935,4
405625,49.236841,6.9966845,5
7458537,49.2480046,6.9081427,6
7841892,49.2321608,6.9634785,7
7884258,49.2449415,6.9426676,8
1139510,49.4233534,6.9407621,9
1205315,49.2214945,6.8078033,10
1205315,49.2244752,6.8134086,11
7458537,49.2501792,6.8962362,12
7543084,49.3119426,7.0787999,13
7543084,49.3199274,7.0891018,14
7884258,49.2518557,6.937288,15
940082,49.2376784,7.0433047,16
4790636,49.4892143,6.9991633,17
940082,49.2376798,7.036372,18
7850697,49.2679695,7.0119628,19
1139510,49.4150596,6.9197938,20
4792645,49.2003254,7.245856,21
4031960,49.3330438,7.3364786,22
1204991,49.2325725,6.8294407,23
4790636,49.4827304,6.9206739,24
7886590,49.215688,7.0014905,25
1139510,49.4430261,6.9606271,26
4031964,49.3469401,7.3630218,27
7850697,49.3192209,7.0901674,28
1205315,49.2252148,6.8163732,29
1205315,49.225111,6.8165689,30
416496,49.2334692,6.988998,31
4773465,49.3039424,6.7453342,32
405625,49.2329961,6.9881631,33
1204988,49.2331492,6.9882228,34
4792646,49.2134227,7.2523822,35
4773464,49.3039284,6.7454012,36
450872,49.3541815,7.1230464,37
1204991,49.2052539,6.8431015,38
7900264,49.2526162,6.9152165,39
1140123,49.3989492,6.8706341,40
7522698,49.241223,6.9930099,41
1204991,49.179253,6.8544186,42
5776647,49.3063359,7.3439651,43
4790636,49.4609237,6.9580921,44
418585,49.3535412,7.1762869,45
2075840,49.2970581,6.9416132,46
1204991,49.1526681,6.8361183,47
7944644,49.2400469,7.0698888,48
7908403,49.1986036,7.0313347,49
4792645,49.1866707,7.2494427,50
4029528,49.3508234,7.3309662,51
1139510,49.464982,7.0000764,52
4773464,49.3080969,6.7447041,53
7830857,49.2317163,6.9861493,54
1204991,49.1700856,6.8298941,55
4773465,49.3124303,6.7411726,56
2071636,49.3046845,6.9312924,57
563170,49.5167689,6.6081982,58
7934503,49.2403054,6.9897844,59
7458537,49.2526059,6.8811943,60
1376296,49.3053741,6.7573402,61
5776647,49.3077018,7.3418373,62
4773465,49.3091569,6.7398709,63
2071636,49.3081027,6.9355106,64
2075840,49.2967654,6.9480923,65
1205315,49.2216601,6.808295,66
7458093,49.2511497,6.8928791,67
1139510,49.4711735,7.0719613,68
1139510,49.4718714,7.0686985,69
1139510,49.4718721,7.0706453,70
4790636,49.4756104,6.9573301,71
7986818,49.2118723,6.977055,72
1204991,49.2106091,6.831964,73
1204991,49.2083384,6.8353998,74
4797947,49.3249225,7.0593364,75
5776647,49.3103343,7.3417579,76
1204991,49.1545857,6.8411844,77
4792646,49.2105025,7.2487008,78
7839414,49.2315568,6.9737591,79
4029530,49.3355465,7.3354268,80
1204991,49.2030941,6.8419061,81
4773464,49.3004943,6.7429875,82
1204991,49.1679559,6.8376293,83
1204991,49.1815426,6.8571301,84
1204991,49.2034717,6.8459781,85
3857117,49.1539903,7.2105538,86
224554,49.242182,6.9563261,87
4029530,49.3658059,7.3243045,88
1139510,49.4145521,6.9298332,89
418586,49.5803207,7.1148739,90
3857117,49.1884057,7.1949858,91
2084669,49.2960297,6.8983645,92
2084669,49.2987943,6.8975278,93
2084669,49.2947851,6.8932896,94
2084671,49.2954426,6.8940545,95
2084671,49.2965828,6.9254073,96
2084669,49.296671,6.9256036,97
4773465,49.3089727,6.7429964,98
2084669,49.2979963,6.9295033,99
224554,49.4367417,6.634151,100
224554,49.4953122,6.5983027,101
3857117,49.1489669,7.2096711,102
563170,49.4098744,6.6481476,103
4792645,49.1740516,7.2379197,104
2084671,49.2881263,6.8764559,105
2084669,49.294567,6.882428,106
935880,49.2592867,7.1041411,107
1204991,49.1592869,6.8427852,108
2084669,49.2916556,6.8890845,109
4790636,49.4953819,7.0354783,110
2084670,49.2826498,6.8783496,111
3857117,49.1675406,7.2198083,112
2084669,49.2943751,6.8765599,113
2084669,49.2932714,6.9011463,114
2084669,49.2946985,6.9046029,115
3857117,49.2084113,7.1775438,116
1204991,49.2062554,6.8402437,117
4792645,49.170553,7.2322981,118
1204991,49.1561452,6.8350338,119
4720116,49.2520451,6.8184853,120
1204991,49.1894035,6.8532775,121
7886668,49.2438936,6.9310928,122
1204991,49.2126953,6.8288892,123
3857117,49.1751926,7.2073802,124
3857117,49.1498238,7.2136295,125
450854,49.2387265,6.9981204,126
7886669,49.2476632,6.907169,127
6103985,49.2403678,6.9856723,128
4031964,49.3509043,7.3683345,129
7908403,49.2067839,7.04721,130
1204991,49.1873449,6.8140933,131
4773465,49.3092212,6.7350958,132
450854,49.3249574,7.058811,133
1108389,49.1488997,7.1123353,134
4026269,49.3181129,7.3388824,135
4792646,49.2159757,7.2546115,136
7502200,49.3525814,6.7223647,137
563170,49.352474,6.7221795,138
1139510,49.4731176,7.0636334,139
7543084,49.2773006,7.0273764,140
7884938,49.2597988,7.0785529,141
450854,49.3461046,7.0488156,142
1204991,49.1681002,6.8384671,143
4790636,49.4698424,7.0004307,144
1711189,49.5426502,6.3682463,145
4790636,49.4064022,6.9104532,146
911939,49.2412431,6.9495908,147
1139510,49.4660031,7.1654044,148
5709358,49.5865805,6.3766883,149
4792646,49.190346,7.2244583,150
4779454,49.1536233,7.1110827,151
7543084,49.3273868,7.0939139,152
563170,49.3124556,7.2799406,153
7543083,49.4507125,7.1510965,154
1139510,49.4833787,7.0381561,155
4720116,49.2548023,6.8012667,156
7543084,49.3525787,7.120501,157
1204991,49.1934839,6.831074,158
1139510,49.4832924,7.038426,159
1204991,49.1996154,6.8372495,160
2075840,49.3057578,6.9298875,161
1139510,49.4822372,7.0323493,162
4029530,49.3224664,7.3400583,163
1139510,49.482134,7.0324064,164
1204991,49.15804,6.8396947,165
4797946,49.4072907,6.8918153,166
1139510,49.4691421,7.1195302,167
1139510,49.4807982,7.0411247,168
1204991,49.2010176,6.8473176,169
1204991,49.1840246,6.8148306,170
7841893,49.2310472,7.0030708,171
4773464,49.3122129,6.7525856,172
4034037,49.3545251,7.4090326,173
224554,49.2304224,7.0187039,174
2075842,49.3060287,6.9299839,175
4773464,49.3139074,6.7416809,176
1204988,49.23486,6.9891223,177
7839411,49.2070452,6.9616158,178
2071708,49.3087334,6.9389997,179
4720116,49.2370449,6.6996842,180
1204991,49.1909116,6.8168119,181
3891533,49.3234113,7.0672197,182
7841892,49.2252245,6.9607705,183
1204991,49.1712372,6.8240445,184
7841893,49.2299749,6.9615103,185
1204991,49.1799074,6.8160372,186
4790636,49.489281,7.0005099,187
1204991,49.1966668,6.8484143,188
4797946,49.356095,7.0653964,189
4797947,49.3562418,7.0657641,190
7986818,49.218085,6.975634,191
1204991,49.1578714,6.8437249,192
450872,49.3689057,7.0882643,193
450872,49.3690498,7.0884341,194
1204991,49.1961761,6.8336167,195
1204991,49.1734067,6.8440555,196
935879,49.2546841,7.1003838,197
4720116,49.2436096,6.6978868,198
384614,49.2411414,6.990986,199
2075841,49.2972586,6.941158,200
2075840,49.3109576,6.9373189,201
7841892,49.2200872,6.9568683,202
2084669,49.2963337,6.9061564,203
3857117,49.2167205,7.1866015,204
4773465,49.3074076,6.7369373,205
2080573,49.3110404,6.9377689,206
7908404,49.1823918,7.0388781,207
555808,49.4020835,7.492279,208
7908404,49.1878492,7.0391931,209
4773465,49.31059,6.7377358,210
1204991,49.2359498,6.8377799,211
7986819,49.2129997,6.9679938,212
7995324,49.2439085,6.9818136,213
7839414,49.207438,6.9618826,214
2084671,49.2979334,6.9288736,215
1204988,49.2185198,6.9693474,216
416496,49.2337209,6.9875845,217
237155,49.2270846,7.0207438,218
1139510,49.4767198,7.0971343,219
4797946,49.4090049,6.967977,220
2075842,49.311202,6.9372175,221
4790636,49.489481,6.9262473,222
2084669,49.2966788,6.9151556,223
4797947,49.4089409,6.968051,224
2084669,49.2977087,6.9106066,225
563170,49.2490355,6.8482322,226
4031964,49.3440006,7.3597767,227
2084669,49.2983305,6.9067682,228
7886859,49.2760073,6.9528705,229
7543083,49.5855912,7.1394366,230
4034037,49.350806,7.405259,231
450854,49.2482783,7.0052893,232
224554,49.3868137,6.6901087,233
4029530,49.3315055,7.3327281,234
1139510,49.4686154,7.1542803,235
7508860,49.5326201,6.5396157,236
32240,49.3277393,7.3369074,237
4798622,49.3279133,7.3365584,238
7839414,49.2296042,6.9642912,239
4790636,49.4832195,6.9156794,240
4798622,49.3457297,7.2544361,241
4798621,49.3456923,7.2538132,242
911939,49.2406884,6.946727,243
940082,49.2379171,7.0459766,244
4720116,49.2542062,6.816471,245
405625,49.2353824,7.0498945,246
4720116,49.2561994,6.8142336,247
940082,49.2328261,7.0499522,248
4720116,49.2428649,6.7745685,249
1108397,49.2360629,7.2590951,250
4720116,49.246639,6.76494,251
1204991,49.2290223,6.8227512,252
7543084,49.3715647,7.1759357,253
224554,49.2484173,6.8498174,254
450843,49.2406466,6.9860013,255
7908403,49.2092708,7.0484576,256
4790636,49.4734982,6.9953057,257
7543084,49.5238875,7.146378,258
7543083,49.4933827,7.1668932,259
7543084,49.4936085,7.1668334,260
7543084,49.3373307,7.0943574,261
1204991,49.2511866,6.8603989,262
4773464,49.3125715,6.7490475,263
7543083,49.3115599,7.0785558,264
224554,49.2436153,6.945966,265
6103985,49.244825,6.9426878,266
4026269,49.3278179,7.3377291,267
4026270,49.3276525,7.3380195,268
4779454,49.3277866,7.3377773,269
4037335,49.3277119,7.3378997,270
4029528,49.3246033,7.3400154,271
4026269,49.310887,7.3340333,272
4029528,49.3230819,7.3369567,273
224554,49.2280287,7.0493981,274
2084669,49.2977203,6.9346116,275
7839411,49.2053724,6.9587457,276
7905182,49.2137005,7.0382949,277
920473,49.3031045,6.8065294,278
237155,49.2547174,7.0403373,279
4797946,49.4110021,6.9481582,280
920473,49.3029725,6.8137214,281
7938937,49.2159485,7.0297273,282
7908403,49.2160286,7.0296113,283
920473,49.3032628,6.8143459,284
7905181,49.2161698,7.0295958,285
3857117,49.1966222,7.1794593,286
4797946,49.398686,7.0349126,287
4029528,49.3671592,7.3234085,288
911939,49.2414277,6.9502077,289
7949076,49.2159239,7.0294972,290
721798,49.3124178,7.0685655,291
4797946,49.2415059,6.9888287,292
2075841,49.3013953,6.9430306,293
2075840,49.3024217,6.9298524,294
2075842,49.3020535,6.9299697,295
4773465,49.3081004,6.7443527,296
237740,49.2433789,7.0118103,297
2075842,49.2978669,6.9350033,298
940080,49.2271664,7.0211791,299
940080,49.2269604,7.0210964,300
1204991,49.2487544,6.8467415,301
1205315,49.220334,6.8059052,302
1205315,49.2219879,6.798717,303
3069088,49.1213432,7.0498791,304
7986818,49.2115532,6.9719808,305
4790636,49.2430706,6.9724042,306
6103985,49.2414924,6.9559039,307
7543084,49.29925,7.054697,308
2080575,49.3355288,6.9307336,309
224554,49.2440547,7.057159,310
7884258,49.2415216,6.9556006,311
416496,49.2412344,6.9598749,312
1139510,49.4755465,7.1009008,313
1139510,49.4617377,6.9932664,314
2080575,49.331719,6.9317844,315
4779454,49.1309009,7.0688722,316
7538848,49.436733,6.6339908,317
32240,49.3853654,7.444519,318
555808,49.3853964,7.4444951,319
4779085,49.2499687,6.8590556,320
4779454,49.1572559,7.0347277,321
7944643,49.2399322,7.0698476,322
4773465,49.3145229,6.7453707,323
935881,49.2615606,7.1065394,324
4790636,49.2323991,6.9987793,325
4720116,49.2370252,6.6994961,326
405625,49.2251481,6.9763795,327
7830857,49.2253202,6.9764845,328
7830857,49.2211501,6.9717642,329
7525385,49.5078452,6.5390754,330
538255,49.2943098,6.9532136,331
2075842,49.2968578,6.9472402,332
4780509,49.3365896,6.9298073,333
4773464,49.3078312,6.7562691,334
1139510,49.475645,7.088286,335
4773464,49.3120766,6.7409004,336
4790636,49.4855036,6.9390284,337
7841892,49.2145982,7.0175932,338
1204991,49.2452142,6.8383565,339
7886858,49.2757115,6.9530747,340
7841892,49.2338039,6.9928121,341
418074,49.3210297,6.7461937,342
2075840,49.3156382,6.9546625,343
1139510,49.468883,7.1452489,344
7458537,49.25082,6.8538271,345
538255,49.2939148,6.9310947,346
450854,49.3246796,7.0533687,347
538255,49.2938178,6.9310023,348
7543084,49.4671726,7.1650904,349
2071708,49.3070203,6.9328441,350
2080575,49.3072073,6.9449282,351
1205315,49.2197497,6.8055265,352
7905182,49.2245855,7.0256001,353
2080574,49.315224,6.9401199,354
2080573,49.3155554,6.9401287,355
2080573,49.3107966,6.9403289,356
7900264,49.2615312,6.9103643,357
7850697,49.273566,7.0254581,358
2075842,49.3117101,6.9477081,359
7802915,49.4588509,6.3718089,360
4790636,49.2432535,6.9824204,361
7900264,49.2619219,6.9165202,362
237155,49.276422,7.0329183,363
418074,49.3271008,6.7505541,364
920472,49.3272035,6.7501889,365
920475,49.3273867,6.7492197,366
910012,49.3099411,7.3163033,367
2075844,49.3156386,6.9475123,368
5776647,49.3102833,7.3452961,369
405907,49.2899153,7.0294172,370
405907,49.2901318,7.0290027,371
2084669,49.289518,6.8837079,372
935876,49.2669431,7.1072611,373
576112,49.2334004,7.0015287,374
4720116,49.2578544,6.8079086,375
5709358,49.5385679,6.375923,376
4720116,49.2395006,6.7054403,377
4790636,49.4967033,7.0165421,378
4773465,49.3121534,6.7525964,379
224554,49.4097796,6.6480737,380
4720116,49.2521167,6.8186395,381
4026270,49.3193267,7.3368418,382
7893825,49.2324798,7.005831,383
1204991,49.2349145,6.8343313,384
450854,49.3467801,7.0477868,385
4029530,49.3247165,7.3294206,386
405625,49.2186457,6.9678214,387
1108397,49.2361051,7.2589258,388
1108397,49.2363708,7.2590503,389
1108397,49.2362823,7.2590088,390
1108397,49.2361937,7.2589673,391
1108397,49.2362453,7.2591843,392
1108397,49.2361541,7.2591397,393
1108397,49.2363365,7.2592289,394
1139510,49.4799046,7.0247108,395
7458093,49.2535317,6.9093876,396
7458537,49.2530028,6.9097357,397
4720116,49.2409136,6.784097,398
920473,49.3074754,6.8229711,399
4720116,49.2455229,6.7919317,400
4720116,49.2486789,6.7936352,401
4720116,49.2547484,6.8013621,402
1376296,49.3130205,6.7532938,403
4720116,49.2577129,6.8080072,404
7458537,49.2496138,6.9093752,405
4720116,49.256459,6.8142432,406
418074,49.3271522,6.7503714,407
3857117,49.1725926,7.2088227,408
4790636,49.4065087,6.9104021,409
2075840,49.3115789,6.947456,410
940080,49.225947,7.03546,411
940080,49.225547,7.026316,412
4720116,49.2546648,6.8158095,413
7543083,49.3525766,7.1197235,414
4790636,49.2504498,6.9636016,415
7841893,49.1941894,7.026225,416
1139510,49.4553888,6.9785804,417
4773464,49.3144128,6.7445923,418
7850696,49.24312,7.0028895,419
2080574,49.317814,6.939596,420
2075840,49.3185597,6.9402499,421
7754564,49.1575245,7.0272525,422
4790636,49.231473,6.9961742,423
405625,49.2318498,6.9847888,424
2075844,49.3152166,6.952136,425
4031964,49.3600014,7.3808115,426
4720116,49.2374761,6.7020056,427
7543083,49.3269124,7.0939787,428
2084671,49.2882992,6.882833,429
406014,49.2564126,7.0429347,430
2075840,49.3166279,6.9517873,431
4773465,49.3139837,6.7488977,432
7884259,49.2518169,6.9373172,433
2071636,49.302906,6.9343043,434
7884258,49.2480163,6.9413193,435
4773464,49.307509,6.7369212,436
7849567,49.2265649,6.9978195,437
4790636,49.4984067,7.0233131,438
4720116,49.2503147,6.6971129,439
1204988,49.2176256,6.9686596,440
7839411,49.2151601,6.9671956,441
7876392,49.2766671,7.0335307,442
7850696,49.2764514,7.0334555,443
1204988,49.2345784,6.988796,444
1763922,49.3134801,7.34368,445
7841892,49.1989087,7.0149512,446
7587775,49.5392891,6.3764611,447
7876393,49.3137032,7.0792427,448
7543083,49.3373688,7.0942123,449
7944643,49.2421236,7.0672619,450
7986819,49.2138655,6.983241,451
7849568,49.2255623,6.9771601,452
4720116,49.2393508,6.7057939,453
7543083,49.3198222,7.0886867,454
6103985,49.2391473,6.9755325,455
2071636,49.3025086,6.9371819,456
4773465,49.3128256,6.7491594,457
7458093,49.2516953,6.889134,458
7900265,49.2497423,6.9146497,459
4797946,49.3702018,7.0499138,460
7543084,49.2658664,7.0053138,461
721798,49.3181062,7.0768195,462
7850904,49.3199514,7.1590918,463
4790636,49.4989323,7.02309,464
7543083,49.2659278,7.0052031,465
7841892,49.2160891,7.0297003,466
3228149,49.2646629,7.0498231,467
7884938,49.2325898,7.0053883,468
4790636,49.2425946,6.9731684,469
406014,49.2576974,7.0476416,470
910005,49.356965,7.182431,471
910005,49.3570217,7.1832366,472
7458093,49.2525233,6.9045599,473
1204991,49.2345219,6.8341667,474
7841893,49.2116611,7.0188025,475
7841892,49.2113955,7.0189397,476
4029528,49.3808761,7.3295246,477
1204991,49.2359815,6.8379561,478
4720116,49.2398972,6.6991206,479
3857117,49.1956541,7.1861938,480
416496,49.2482546,6.970909,481
1204991,49.2407332,6.838394,482
450854,49.3250368,7.0585903,483
7543084,49.5591583,7.1291271,484
224554,49.3277645,7.336867,485
1804450,49.3278269,7.3367591,486
555808,49.3278499,7.3367097,487
940080,49.225668,7.027119,488
7908403,49.1829123,7.0390908,489
7841893,49.2268029,6.9613196,490
563170,49.5770384,6.5700359,491
7849568,49.2285735,6.9935893,492
4773464,49.3092997,6.7399763,493
7849568,49.2243058,6.9994715,494
7839414,49.2105747,6.964201,495
4034038,49.3400476,7.3556877,496
4029528,49.3311295,7.3370911,497
7944644,49.2427067,7.0689626,498
1204991,49.2321609,6.8290813,499
920473,49.3034231,6.8055809,500
2080574,49.3371541,6.9093549,501
940082,49.2284715,7.029024,502
4029530,49.3803475,7.3294597,503
3857117,49.1969724,7.1785624,504
7841892,49.2003977,7.0126114,505
1204991,49.2452178,6.8385212,506
7839414,49.2274607,6.9687016,507
7839414,49.2261376,6.9753688,508
7833670,49.2395427,6.9936838,509
563170,49.3868481,6.69011,510
4790636,49.5060357,7.0100728,511
6103985,49.2462864,6.933691,512
7908403,49.1938466,7.0337669,513
7458093,49.2599036,6.9079664,514
4773465,49.3060857,6.7452137,515
4773465,49.3084868,6.7444064,516
7900265,49.2613197,6.914285,517
237155,49.2375428,7.0561765,518
1108389,49.1530899,7.0373096,519
7543083,49.2993301,7.0545318,520
1139510,49.4691207,7.1384043,521
7839414,49.2321623,6.975735,522
4773464,49.3135634,6.7412493,523
1139510,49.468851,7.1407811,524
416496,49.2350298,6.9961987,525
940082,49.2353505,7.0499108,526
405625,49.2367694,7.0490387,527
6103985,49.2399862,6.9905738,528
405625,49.2356505,7.0357415,529
7543083,49.5238789,7.1462192,530
7884651,49.2736426,7.1033613,531
405625,49.2375103,7.0361544,532
418586,49.3532351,7.1760279,533
4720116,49.2417112,6.7792859,534
7458537,49.248303,6.9011163,535
5709358,49.507276,6.3722226,536
405907,49.3074547,7.0287272,537
416496,49.2336385,6.972883,538
940082,49.2328929,7.0390752,539
4034037,49.3520693,7.3960675,540
405625,49.2416816,7.0242687,541
237740,49.2336659,6.9737619,542
7833670,49.2438252,7.0121673,543
7886591,49.2479121,6.9048113,544
7841893,49.1939415,7.0247303,545
405625,49.2379524,7.0409736,546
384614,49.2411972,6.990794,547
555580,49.5385816,6.3757431,548
450854,49.3292462,7.0567309,549
555580,49.56541,6.3711147,550
4773464,49.3026631,6.7579784,551
1204991,49.1771684,6.811968,552
5776647,49.3040685,7.3423401,553
405625,49.2378984,7.0457014,554
4779085,49.2511736,6.8603375,555
7836666,49.231713,7.0488839,556
7841892,49.233663,6.9871744,557
1139510,49.4084066,6.9072054,558
7905181,49.2091442,7.0488919,559
3857117,49.1514921,7.2296416,560
450854,49.2431582,7.0029776,561
4720116,49.2436306,6.6981657,562
3857117,49.2011884,7.1743285,563
406459,49.2758798,7.0921221,564
4790636,49.4796695,6.9928975,565
224554,49.3524031,6.7220383,566
1108389,49.1477632,7.1120308,567
405625,49.2324515,7.0497857,568
3857117,49.1539679,7.2323631,569
7543084,49.5119079,7.1598384,570
4780509,49.3368638,6.9302738,571
6103985,49.2446764,6.9369891,572
7543083,49.5117684,7.1600937,573
812457,49.3743851,7.1867711,574
7543083,49.4320365,7.1610938,575
4029528,49.3848633,7.3316771,576
4029530,49.3848433,7.3319196,577
7458537,49.2511975,6.8925392,578
3857117,49.1954083,7.180594,579
4773464,49.3090269,6.7429347,580
563170,49.3277731,6.7502063,581
7850904,49.2347427,6.9275459,582
563170,49.4367357,6.634208,583
2080573,49.3221731,6.9205475,584
224554,49.3277462,6.7501777,585
2080573,49.3179649,6.9335803,586
7944643,49.2427152,7.0693173,587
1139510,49.4807368,7.0409203,588
224554,49.2594514,7.0786035,589
2080574,49.31804,6.9333435,590
2080573,49.3395725,6.9226501,591
7543084,49.4322035,7.1606092,592
2084670,49.2776543,6.8706917,593
237740,49.2393151,6.9747373,594
1111899,49.5065755,6.7453206,595
555580,49.5072688,6.3721599,596
940082,49.235725,7.0356811,597
7849568,49.2267051,6.9974667,598
563170,49.4435617,6.6353577,599
2080574,49.3396171,6.9208509,600
2080573,49.3374837,6.9293162,601
538221,49.3236275,7.0820973,602
4779085,49.2504306,6.8638288,603
2080573,49.338265,6.9271749,604
1139510,49.4667742,7.1618349,605
7502200,49.3437294,6.5940429,606
2075840,49.2977792,6.9351477,607
2080573,49.3369419,6.9303273,608
7841893,49.2163487,7.0164167,609
7841893,49.2321184,6.9630645,610
2071708,49.3033257,6.9412362,611
4779085,49.2516066,6.8681606,612
4798622,49.3494304,7.2269028,613
4780509,49.3365527,6.9297549,614
2071636,49.3023234,6.943333,615
7850697,49.2839843,7.0415677,616
4780509,49.3363675,6.929497,617
7833334,49.2424729,7.015503,618
1111898,49.436906,6.6346074,619
2075840,49.3197615,6.94852,620
4773449,49.3040877,6.7958767,621
7529983,49.2413193,6.9886024,622
2075840,49.3200268,6.9455086,623
7849568,49.2238335,6.9861927,624
4798622,49.3635433,7.1297064,625
2080574,49.3390887,6.8978083,626
7944223,49.2818769,7.0697318,627
2080626,49.328295,6.9242068,628
1205315,49.2233227,6.8007654,629
2080575,49.3283351,6.924631,630
2080574,49.3203074,6.9282293,631
237740,49.2402327,6.9898115,632
2080573,49.3203343,6.9281002,633
940082,49.233907,7.0361634,634
7841893,49.2091936,6.9586707,635
7841892,49.2078195,6.9617089,636
6103985,49.2478822,6.9280058,637
7884258,49.2481021,6.9281454,638
7900265,49.2595538,6.9165801,639
7543083,49.5583733,7.1296466,640
555580,49.5862885,6.3768735,641
7900264,49.2589718,6.9164539,642
2080573,49.3366703,6.9101622,643
7458093,49.2585256,6.9065951,644
450854,49.3165307,7.0481949,645
2080573,49.3334634,6.9121466,646
4790636,49.4024974,6.8951059,647
7908404,49.1985148,7.0319079,648
1205315,49.2206941,6.8056952,649
2080574,49.3378494,6.9084221,650
2075840,49.3105862,6.9360935,651
4797947,49.3702106,7.0499357,652
1204991,49.2180794,6.8252342,653
4720116,49.2590114,6.8110825,654
4026269,49.3051299,7.3306772,655
4720116,49.2590459,6.8106544,656
4720116,49.2375766,6.7018516,657
4773464,49.299814,6.7456456,658
7851132,49.2291777,6.9044177,659
2075840,49.309918,6.9326772,660
2080573,49.3387502,6.9163607,661
7841892,49.2083371,7.0284159,662
4797946,49.3048267,7.0313534,663
940082,49.2323474,7.0437638,664
4797946,49.3248989,7.0590933,665
2080574,49.3388117,6.9152037,666
4797946,49.4083077,6.9069834,667
2080574,49.343687,6.8946032,668
940082,49.2368525,7.048956,669
4720116,49.2468104,6.6974361,670
1204991,49.2184923,6.8246951,671
4798621,49.3695072,7.0861107,672
2080574,49.3384309,6.8970717,673
4790636,49.2339108,6.9925414,674
7502200,49.3617513,6.6655033,675
7543084,49.4506895,7.1511416,676
3891533,49.3214308,7.0691658,677
4773464,49.3090059,6.7352356,678
2080575,49.3243072,6.9200014,679
418585,49.402192,7.1660609,680
418586,49.4021979,7.1661205,681
7525384,49.5077431,6.5385718,682
450854,49.3116824,7.0372184,683
3891533,49.3216146,7.0684821,684
2080574,49.3425388,6.8896621,685
7841892,49.2107403,7.0317857,686
7850697,49.276895,7.0331334,687
7876392,49.3135657,7.0776939,688
555808,49.4163294,7.5665138,689
2080626,49.3291463,6.9277526,690
7850697,49.2648422,7.0085396,691
910012,49.3130005,7.2601989,692
7850696,49.3193108,7.0903691,693
2084671,49.2888186,6.8862764,694
4779085,49.2503474,6.8631747,695
2080575,49.3292456,6.9279158,696
1711128,49.4735634,6.3862805,697
450854,49.3136765,7.0427031,698
4779085,49.2516951,6.8688824,699
450854,49.3164922,7.0483398,700
5776647,49.3040765,7.3403936,701
450854,49.3223253,7.0547453,702
7886591,49.2475976,6.9075442,703
4790636,49.4837769,6.9149223,704
450854,49.3040577,7.0268289,705
224554,49.3124265,7.279989,706
4790636,49.4729963,6.9623261,707
450854,49.3116597,7.0374612,708
405625,49.2230325,6.963818,709
4790636,49.4990444,6.940687,710
7839414,49.2309366,6.9688532,711
7986819,49.2181119,6.9754798,712
7841893,49.2037419,7.0169839,713
1205315,49.2026088,6.7837098,714
7830857,49.2184513,6.9681643,715
5709358,49.5649495,6.372214,716
7852984,49.2344985,6.9270161,717
7986819,49.2115194,6.9721705,718
2071636,49.3034782,6.9407014,719
416496,49.2464212,6.9681948,720
406459,49.2758089,7.0914736,721
4029530,49.3235653,7.3422898,722
7908404,49.2067078,7.0471508,723
450854,49.2360183,6.9898517,724
7908403,49.1880385,7.0391337,725
7458537,49.2486005,6.9063378,726
2075840,49.310482,6.94331,727
4034037,49.320517,7.3367402,728
4034038,49.3202934,7.3359343,729
418585,49.4668753,7.1652625,730
237740,49.2391441,6.9797631,731
7543083,49.2774094,7.0273043,732
237740,49.2402489,6.9845333,733
7522698,49.2491985,7.2581646,734
405625,49.2207456,6.9648208,735
450854,49.3094224,7.0314275,736
4798621,49.3637504,7.1295395,737
910012,49.3156678,7.2716127,738
4029530,49.3411278,7.3347376,739
4029528,49.3333248,7.3362114,740
4029528,49.336107,7.3350219,741
7986819,49.2118448,6.9773155,742
4029528,49.3394018,7.3343364,743
7869258,49.2493134,6.8534594,744
4798621,49.3495804,7.2267741,745
2080573,49.3178389,6.9397992,746
7900265,49.2522856,6.9151548,747
7986818,49.2112956,6.9805858,748
7905181,49.213749,7.0381311,749
2080574,49.3221127,6.9208028,750
1204991,49.2093975,6.8336903,751
1139510,49.447887,6.9643636,752
721798,49.3026456,7.0335637,753
538255,49.2951831,6.933928,754
4798761,49.3764094,7.0490326,755
2080574,49.3275253,6.9154693,756
7900264,49.2501542,6.9147266,757
2084669,49.2890853,6.8847421,758
940079,49.2214756,7.0325778,759
3857117,49.167655,7.2177904,760
406014,49.2548632,7.0371763,761
7841892,49.1974988,7.0200604,762
7841892,49.2317043,6.9953809,763
2080573,49.3278584,6.9150983,764
7543084,49.5859562,7.1396176,765
7884651,49.2622253,7.0831161,766
237740,49.2385384,6.9979364,767
2084669,49.2895069,6.8835767,768
4773465,49.3131222,6.7534506,769
224554,49.4760309,6.6021078,770
224554,49.2760176,6.7923878,771
563170,49.2760923,6.792493,772
563170,49.3028583,6.7761881,773
224554,49.3028604,6.7760538,774
224554,49.2859853,7.2259367,775
563170,49.2860715,7.2258126,776
224554,49.2495289,6.9041061,777
563170,49.2496142,6.9041559,778
224554,49.4433961,6.6352506,779
563170,49.2595665,7.0785347,780
224554,49.2766234,7.1578416,781
563170,49.2766825,7.1577636,782
563170,49.2304942,7.0187941,783
224554,49.5168124,6.6081341,784
563170,49.2281574,7.0493111,785
563170,49.2440921,7.0569652,786
237740,49.2401746,7.0000431,787
224554,49.5526188,6.6007728,788
563170,49.5526961,6.6008207,789
7841892,49.1979954,7.0295788,790
7458093,49.2531181,6.9024316,791
450854,49.309627,7.0313953,792
7849567,49.228767,6.9932816,793
2075843,49.3014034,6.9431533,794
4797946,49.4152773,7.0124169,795
450854,49.3137186,7.0426401,796
1711128,49.4741807,6.3713559,797
538255,49.2953187,6.9343594,798
418586,49.4668676,7.1653169,799
7543083,49.4669085,7.1650924,800
384614,49.2413789,6.9910467,801
7833334,49.2547485,7.0407391,802
5776647,49.3017255,7.3445846,803
1204991,49.2498932,6.8590442,804
7908404,49.1985422,7.0312497,805
5776647,49.3050888,7.3435747,806
7841893,49.2052267,7.0255428,807
7841893,49.2080486,7.0279267,808
7841892,49.2036404,7.0169298,809
7458093,49.2512251,6.9086179,810
7458093,49.2510952,6.9086532,811
3857117,49.1793895,7.207337,812
7458093,49.2524414,6.9047892,813
7841892,49.2166137,7.0161184,814
7839410,49.2332765,7.0008802,815
7841892,49.2006466,7.0279825,816
721798,49.3149736,7.0727241,817
2080573,49.3374994,6.9290796,818
7938938,49.2200148,7.0689823,819
418586,49.2415689,6.9910873,820
563170,49.4953991,6.598358,821
4790636,49.4138315,6.9040207,822
32240,49.4020588,7.4922864,823
942855,49.2493779,6.8485102,824
4792645,49.2360947,7.2686539,825
942855,49.2494574,6.8483298,826
450854,49.3144403,7.0419445,827
4792645,49.2351156,7.2698701,828
1139510,49.475664,7.0876742,829
2366245,49.2493518,6.9910087,830
7502200,49.3540977,6.6154126,831
1139510,49.4390446,6.9578239,832
4780509,49.3370809,6.93042,833
6596795,49.4799017,6.3868119,834
4773464,49.3141837,6.7485566,835
1139510,49.4743105,7.1018388,836
4773453,49.3075531,6.8477331,837
3857117,49.2135208,7.1821894,838
4773453,49.30738,6.8484747,839
4773465,49.3050049,6.7577209,840
4792645,49.1964331,7.2473392,841
4029530,49.3721746,7.3250813,842
7841892,49.2124703,6.9546247,843
7841892,49.193824,7.0247764,844
1139510,49.4338481,6.9497861,845
2071708,49.30811,6.9352496,846
910012,49.3169731,7.2776373,847
7884651,49.2601094,7.0792834,848
7886668,49.215615,7.001668,849
4792645,49.2314821,7.2675021,850
4779454,49.1202682,7.0603499,851
1204991,49.2406846,6.8386702,852
538221,49.3222729,7.0960934,853
7841892,49.1993037,7.0163078,854
2071636,49.3084214,6.9383458,855
4026269,49.3191118,7.3373259,856
1205315,49.2243947,6.8132382,857
7886590,49.2185479,7.0125104,858
7841893,49.2189239,7.012113,859
812457,49.3742857,7.1868975,860
1205315,49.2197783,6.8053809,861
1205315,49.176926,6.7330045,862
405907,49.3037849,7.0263099,863
563170,49.2746306,7.1105143,864
4773464,49.3105762,6.7379606,865
4797947,49.3047997,7.0313975,866
224554,49.241247,6.9910116,867
920473,49.3072009,6.8231488,868
1205315,49.2073815,6.7907806,869
4779454,49.1513823,7.0806799,870
4779454,49.1307938,7.0687088,871
1204991,49.2290625,6.8231696,872
450843,49.2406935,6.985423,873
2071636,49.2972244,6.9484171,874
4773464,49.3003912,6.7429929,875
1205315,49.2001635,6.7767798,876
224554,49.2746438,7.110852,877
1205315,49.2206617,6.8059588,878
4790636,49.4070332,6.9022239,879
563170,49.3279382,7.3365061,880
563170,49.2436185,6.944575,881
1204991,49.2155858,6.8266752,882
563170,49.2422647,6.9563711,883
7886858,49.2778307,6.9486115,884
4031964,49.3258435,7.3421926,885
4792645,49.1943565,7.249164,886
4029530,49.3394043,7.3345101,887
7458537,49.2493122,6.9041163,888
2075840,49.3136714,6.9533246,889
4792645,49.225622,7.269594,890
7458093,49.2482871,6.9012405,891
2084671,49.2905202,6.8826889,892
1205315,49.2163974,6.8011141,893
7849567,49.2238702,6.9864268,894
1205315,49.2504398,6.8565761,895
237155,49.2257493,7.0355784,896
7850697,49.3086016,7.1234651,897
4773465,49.3139284,6.7409407,898
555580,49.4731322,6.3693577,899
1205315,49.1839319,6.7445765,900
4779454,49.2619845,7.2743824,901
4029528,49.3413116,7.3347075,902
6310350,49.4372087,6.6346234,903
4790636,49.4845867,6.9265711,904
1205315,49.1888145,6.7537293,905
450872,49.3569669,7.1280516,906
940080,49.2286788,7.0363577,907
450854,49.3247775,7.0534814,908
405625,49.2318537,7.0492216,909
4773453,49.3060214,6.8522127,910
4790636,49.4979541,7.0290186,911
4773464,49.3061924,6.7452888,912
1763922,49.3167522,7.3423032,913
4798621,49.3529565,7.1763003,914
4790636,49.2376449,6.9908315,915
1139510,49.4305105,6.9470044,916
7522698,49.2637402,7.171538,917
4026269,49.2603072,7.3339665,918
3061980,49.241023,6.990762,919
7522698,49.2442782,7.1932629,920
7522699,49.2442318,7.1932287,921
7900264,49.2708207,7.0493559,922
7884938,49.2621497,7.0830244,923
4792646,49.2326957,7.2578836,924
4031964,49.3308649,7.3463644,925
4029528,49.3464187,7.3331864,926
1139510,49.4126605,6.9126784,927
7841892,49.1943063,7.0262873,928
563170,49.4760776,6.6022521,929
450854,49.3223462,7.0545881,930
7522698,49.261878,7.2817765,931
4797946,49.3764068,7.0489242,932
920473,49.304793,6.8186699,933
7522698,49.2671148,7.3210039,934
1205315,49.1880643,6.7509671,935
7886858,49.2749852,6.9618201,936
4773465,49.3081686,6.7562886,937
538255,49.2913418,6.9289392,938
7940513,49.2189351,7.0129461,939
4792646,49.1920743,7.2290826,940
920473,49.3047482,6.81855,941
1205315,49.1807469,6.7390061,942
418585,49.5804634,7.1147839,943
7986819,49.2110535,6.9819955,944
2071636,49.3072669,6.9330838,945
1204991,49.184867,6.8558932,946
7893825,49.242328,6.990097,947
1204988,49.2402572,6.9902135,948
416496,49.2411197,6.9613789,949
1205315,49.2113104,6.7959443,950
4773465,49.3026159,6.7581876,951
7841892,49.2093294,6.9583933,952
4792645,49.229073,7.2671874,953
4034037,49.3495924,7.4088755,954
1204991,49.2508573,6.8539007,955
2080574,49.3338637,6.9114465,956
4779454,49.1562919,7.1015026,957
4790636,49.4595034,6.9626407,958
4790636,49.4924908,6.9297411,959
940082,49.2306084,7.0323791,960
450854,49.2403997,7.0004415,961
4031964,49.3397882,7.3557673,962
7886590,49.2438782,6.9312348,963
7841893,49.2197317,6.9564517,964
406459,49.2764238,7.0502172,965
4029528,49.3720871,7.3247845,966
405625,49.2411163,7.0183361,967
1204988,49.1526308,6.837839,968
4031960,49.3308783,7.3374073,969
1111898,49.3123089,6.7528081,970
7543083,49.3710957,7.1755889,971
721798,49.234814,6.996053,972
7841893,49.2003101,7.028015,973
7871688,49.2359758,6.9896506,974
406459,49.2764803,7.0498041,975
